-30
0
-10
-10
-10
-10
-7.22301
-10
-7.22301
-10
-5.06417
-6.43344
-5.06417
-6.43344
-3.274
-7.74472
-3.274
-7.74472
0.00192218
-8.80709
0.00192218
-8.80709
2.19115
-6.68152
2.19115
-6.68152
5.29052
-9.81755
5.29052
-9.81755
6.7531
-11.3506
6.7531
-11.3506
10.2525
-6.37759
10.2525
-6.37759
12.1219
-7.97665
12.1219
-7.97665
15.3089
-9.77192
15.3089
-9.77192
16.3271
-8.5813
16.3271
-8.5813
19.5099
-8.62289
19.5099
-8.62289
21.0892
-11.0271
21.0892
-11.0271
24.5474
-9.48203
24.5474
-9.48203
26.4964
-9.32587
26.4964
-9.32587
30.0338
-10.815
30.0338
-10.815
31.3731
-8.98314
31.3731
-8.98314
34.2989
-7.29276
34.2989
-7.29276
36.5449
-12.96
36.5449
-12.96
39.1048
-11.8191
39.1048
-11.8191
41.5001
-7.43326
41.5001
-7.43326
43.673
-11.8089
43.673
-11.8089
46.1762
-11.7617
46.1762
-11.7617
48.5145
-9.46544
48.5145
-9.46544
51.6173
-12.1073
51.6173
-12.1073
53.406
-13.1033
53.406
-13.1033
56.1235
-12.0816
56.1235
-12.0816
57.9694
-13.5987
57.9694
-13.5987
60.9545
-15.9092
60.9545
-15.9092
62.8163
-10.6597
62.8163
-10.6597
66.0202
-11.0783
66.0202
-11.0783
67.6631
-12.7137
67.6631
-12.7137
71.3387
-8.57218
71.3387
-8.57218
72.8162
-8.6082
72.8162
-8.6082
76.2743
-12.9192
76.2743
-12.9192
77.8146
-12.183
77.8146
-12.183
81.2604
-11.0903
81.2604
-11.0903
83.3281
-12.0922
83.3281
-12.0922
86.3648
-9.44601
86.3648
-9.44601
88.4927
-7.24428
88.4927
-7.24428
91.7568
-8.58927
91.7568
-8.58927
93.4908
-8.1067
93.4908
-8.1067
95.9898
-4.60064
95.9898
-4.60064
98.5988
-8.57425
98.5988
-8.57425
101.632
-8.43262
101.632
-8.43262
104.401
-5.79228
104.401
-5.79228
106.926
-6.54724
106.926
-6.54724
109.499
-7.15819
109.499
-7.15819
111.401
-2.30348
111.401
-2.30348
114.018
-3.63723
114.018
-3.63723
115.822
-3.89745
115.822
-3.89745
119.062
-0.816234
119.062
-0.816234
120.74
-1.77983
120.74
-1.77983
123.987
-5.48199
123.987
-5.48199
125.626
-4.05147
125.626
-4.05147
129.19
-4.09793
129.19
-4.09793
131.114
-8.17619
131.114
-8.17619
134.71
-3.48671
134.71
-3.48671
135.92
-2.22213
135.92
-2.22213
139.08
-5.72494
139.08
-5.72494
140.898
-3.08686
140.898
-3.08686
144.548
-1.33824
144.548
-1.33824
146.747
-2.76994
146.747
-2.76994
149.461
-0.991765
149.461
-0.991765
151.122
1.51926
151.122
1.51926
154.031
-2.5174
154.031
-2.5174
156.799
-2.46113
156.799
-2.46113
159.599
0.978262
159.599
0.978262
162.484
-2.3219
162.484
-2.3219
164.994
-3.30788
164.994
-3.30788
168.419
-0.429466
168.419
-0.429466
170.526
-1.47413
170.526
-1.47413
173.735
-2.30838
173.735
-2.30838
175.493
-1.22942
175.493
-1.22942
179.174
-3.03323
179.174
-3.03323
180.97
-7.20684
180.97
-7.20684
184.287
-3.43704
184.287
-3.43704
186.275
-3.56352
186.275
-3.56352
189.662
-4.29429
189.662
-4.29429
191.672
-0.267567
191.672
-0.267567
195.532
0.693825
195.532
0.693825
196.647
-4.5947
196.647
-4.5947
200.023
-3.10868
200.023
-3.10868
201.973
-1.83977
201.973
-1.83977
204.655
-6.08465
204.655
-6.08465
207.002
-5.31411
207.002
-5.31411
210.009
-2.01405
210.009
-2.01405
211.788
-3.96281
211.788
-3.96281
214.434
-3.66623
214.434
-3.66623
216.563
0.744572
216.563
0.744572
219.218
-3.7494
219.218
-3.7494
221.764
-4.72942
221.764
-4.72942
224.288
-0.663831
224.288
-0.663831
227.682
-1.3814
227.682
-1.3814
229.752
-3.64337
229.752
-3.64337
233.41
0.823981
233.41
0.823981
234.843
-0.513422
234.843
-0.513422
238.381
-3.55047
238.381
-3.55047
240.238
0.164877
240.238
0.164877
243.913
-0.0520357
